$`Main MR results`
       Exposure       MR Analysis Causal Estimate         Sd    T-stat      P-value
1 beta.exposure               Raw       0.4524723 0.04953433  9.134519 3.791205e-13
2 beta.exposure Outlier-corrected       0.4971760 0.03408562 14.586091 1.004664e-20

$`MR-PRESSO results`
$`MR-PRESSO results`$`Global Test`
$`MR-PRESSO results`$`Global Test`$RSSobs
[1] 280.1514

$`MR-PRESSO results`$`Global Test`$Pvalue
[1] "<0.001"


$`MR-PRESSO results`$`Outlier Test`
         RSSobs Pvalue
1  1.614605e-04      1
2  3.518618e-04      1
3  8.267022e-06      1
4  5.372094e-05      1
5  1.031318e-04      1
6  1.349219e-05      1
7  1.329442e-04      1
8  5.312187e-04   0.64
9  1.093984e-03      1
10 4.690811e-04      1
11 4.280889e-04      1
12 1.663453e-06      1
13 8.001447e-05      1
14 7.599475e-06      1
15 2.626695e-04      1
16 1.823269e-04      1
17 2.507276e-05      1
18 2.305879e-02 <0.064
19 6.203920e-05      1
20 1.161673e-03   0.64
21 9.576781e-05      1
22 7.968427e-06      1
23 4.131395e-09      1
24 8.722869e-06      1
25 1.459316e-05      1
26 1.575637e-04      1
27 6.140128e-05      1
28 2.345531e-05      1
29 1.218671e-03   0.96
30 3.692654e-04      1
31 3.877469e-04      1
32 6.862336e-07      1
33 1.977014e-04      1
34 1.013910e-04      1
35 3.325305e-04      1
36 2.302654e-06      1
37 5.871267e-03 <0.064
38 5.772279e-04      1
39 7.110793e-05      1
40 1.441335e-04      1
41 7.841985e-02 <0.064
42 3.623380e-04      1
43 2.297921e-03 <0.064
44 2.267281e-03  0.512
45 9.749762e-05      1
46 5.987722e-08      1
47 1.229161e-04      1
48 1.029810e-04      1
49 1.918603e-03 <0.064
50 1.913789e-03 <0.064
51 4.760340e-06      1
52 1.040776e-03   0.32
53 7.382518e-06      1
54 7.914680e-04      1
55 2.414953e-04      1
56 2.330175e-05      1
57 1.325302e-05      1
58 2.796233e-02 <0.064
59 6.209886e-04      1
60 2.557671e-04      1
61 3.863896e-05      1
62 5.225462e-04      1
64 3.092907e-04      1
65 4.117527e-05      1

$`MR-PRESSO results`$`Distortion Test`
$`MR-PRESSO results`$`Distortion Test`$`Outliers Indices`
[1] 18 37 41 43 49 50 58

$`MR-PRESSO results`$`Distortion Test`$`Distortion Coefficient`
beta.exposure 
    -8.991523 

$`MR-PRESSO results`$`Distortion Test`$Pvalue
[1] 0.214



